Qu1	TCONS_00030424_Chimp	100.000	2054	0	0	1	2054	1	2054	0.0	3794
Qu1	TCONS_00030425_Chimp	100.000	1217	0	0	838	2054	844	2060	0.0	2248
Qu1	TCONS_00068882_Human	96.694	1240	20	2	836	2054	747	1986	0.0	2043
Qu1	TCONS_00030426_Chimp	99.881	841	0	1	1	840	1	841	0.0	1546
Qu1	TCONS_00002449_Chimp	97.500	40	1	0	363	402	1185	1146	6.16e-11	69.4
Q2	TCONS_00030424_Chimp	100.000	1659	0	0	1	1659	1	1659	0.0	3064
Q2	TCONS_00030426_Chimp	99.881	841	0	1	1	840	1	841	0.0	1546
Q2	TCONS_00030425_Chimp	100.000	822	0	0	838	1659	844	1665	0.0	1519
Q2	TCONS_00068882_Human	97.937	824	17	0	836	1659	747	1570	0.0	1428
Q2	TCONS_00002449_Chimp	97.500	40	1	0	363	402	1185	1146	4.96e-11	69.4
